<?xml version="1.0"?>
<opencv_storage>
<calibration_time>"10/09/15 12:48:02"</calibration_time>
<nframes>10</nframes>
<image_width>640</image_width>
<image_height>480</image_height>
<board_width>13</board_width>
<board_height>9</board_height>
<square_size>1.9429000854492188e+001</square_size>
<flags>0</flags>
<camera_matrix type_id="opencv-matrix">
  <rows>3</rows>
  <cols>3</cols>
  <dt>d</dt>
  <data>
    5.2438958339360818e+002 0. 3.2385122494286782e+002 0.
    5.2445907966761581e+002 2.4881300713931532e+002 0. 0. 1.</data></camera_matrix>
<distortion_coefficients type_id="opencv-matrix">
  <rows>5</rows>
  <cols>1</cols>
  <dt>d</dt>
  <data>
    4.1341011286185919e-002 -8.8980292016036813e-002
    -3.9826477689797937e-003 7.1364859178353621e-003
    -7.0578534769306700e-002</data></distortion_coefficients>
<avg_reprojection_error>2.1470908193490426e-001</avg_reprojection_error>
<per_view_reprojection_errors type_id="opencv-matrix">
  <rows>10</rows>
  <cols>1</cols>
  <dt>f</dt>
  <data>
    1.93556070e-001 1.67960376e-001 2.61002332e-001 1.99836865e-001
    2.06574649e-001 1.98328301e-001 1.35729894e-001 1.66249722e-001
    2.61740506e-001 3.01150113e-001</data></per_view_reprojection_errors>
<!-- a set of 6-tuples (rotation vector + translation vector) for each view -->
<extrinsic_parameters type_id="opencv-matrix">
  <rows>10</rows>
  <cols>6</cols>
  <dt>d</dt>
  <data>
    -1.5488207345081745e-001 -8.5713159577886167e-002
    -3.0248413118496749e-002 -1.4735799135982009e+002
    -9.5729738210493608e+001 3.8230553185582716e+002
    -1.4167816765765018e-001 3.4690506756945455e-001
    3.0827669430819111e+000 8.0704004108819191e+001
    8.8209885552631604e+001 3.8311498916118421e+002
    -3.9427729474872455e-002 1.7879840572176417e-001
    3.0860429577547959e+000 8.4435514249329017e+001
    2.9166658897374962e+001 3.7256043365897096e+002
    3.5583927521337316e-001 2.2249057258592020e-001
    3.0246990568371803e+000 9.2324486116813205e+001
    6.8026953888549428e+001 3.9811064656471530e+002
    -1.3662636343305753e-001 -4.5182495965839931e-001
    -8.3846952819456554e-003 -1.4902924970977966e+002
    -9.3518480992518036e+001 4.0152743339654126e+002
    -9.2963865283115815e-002 -1.9216039450149655e-001
    3.0601401529537280e+000 1.5132010102067116e+002
    7.2924883672068447e+001 4.8207156484007027e+002
    -3.1634686771725228e-002 2.1260904178427434e-001
    3.1110144802031576e+000 1.2143192307380524e+002
    7.9359289437445412e+001 4.2760522863454150e+002
    -2.8959612893150655e-001 1.3426971254513250e-003
    -4.9120839594734220e-003 -1.2533065237081330e+002
    -6.7633063813794791e+001 4.5023387429325538e+002
    -5.1354257902473152e-002 1.2909942642359437e-001
    3.1200994767458798e+000 1.0116468830858592e+002
    5.3006495034664404e+001 4.0463008512698144e+002
    -9.3422047449701909e-002 -5.4692148682732825e-002
    -8.7080893540973509e-003 -1.1769618717401893e+002
    -8.4453466197693331e+001 3.2196220981271091e+002</data></extrinsic_parameters>
</opencv_storage>
