<?xml version="1.0"?>
<opencv_storage>
<calibration_time>"12/12/15 13:49:57"</calibration_time>
<nframes>10</nframes>
<image_width>640</image_width>
<image_height>480</image_height>
<board_width>13</board_width>
<board_height>9</board_height>
<square_size>1.9429000854492188e+001</square_size>
<flags>0</flags>
<camera_matrix type_id="opencv-matrix">
  <rows>3</rows>
  <cols>3</cols>
  <dt>d</dt>
  <data>
    5.1882514227281217e+002 0. 3.1325979802550643e+002 0.
    5.1791542634006601e+002 2.4843690703759307e+002 0. 0. 1.</data></camera_matrix>
<distortion_coefficients type_id="opencv-matrix">
  <rows>5</rows>
  <cols>1</cols>
  <dt>d</dt>
  <data>
    5.5705079079996320e-002 -2.0360296678337697e-001
    2.9171280346897198e-004 1.5705806947548390e-003
    -2.3287519638440762e-001</data></distortion_coefficients>
<avg_reprojection_error>2.3597708658025815e-001</avg_reprojection_error>
<per_view_reprojection_errors type_id="opencv-matrix">
  <rows>10</rows>
  <cols>1</cols>
  <dt>f</dt>
  <data>
    2.09127590e-001 1.72515780e-001 1.98526174e-001 1.91021472e-001
    2.36641675e-001 3.03465307e-001 1.35449201e-001 3.10323775e-001
    2.86048859e-001 2.50783205e-001</data></per_view_reprojection_errors>
<!-- a set of 6-tuples (rotation vector + translation vector) for each view -->
<extrinsic_parameters type_id="opencv-matrix">
  <rows>10</rows>
  <cols>6</cols>
  <dt>d</dt>
  <data>
    -3.5657896241122602e-002 -5.0280175514144390e-002
    -1.2857820678852983e-002 -1.4211737026579004e+002
    -1.1450758827521867e+002 4.5639845286661131e+002
    -1.3278029916184014e-001 -4.3852011036941266e-002
    -4.6945661685380644e-003 -1.3274174175593313e+002
    -6.2688295134684815e+001 4.7019247935925210e+002
    -6.5199340974584852e-002 3.3338834340563929e-002
    3.0974258537019375e+000 9.7276510842667932e+001
    1.1324920657166532e+001 4.5293540747276381e+002
    9.0117395535479511e-002 1.0420519484687500e-001
    3.0582817852726492e+000 9.1571663970170292e+001
    2.8815986140199833e+001 4.6451526528045690e+002
    -5.6031309302140730e-001 1.1811040185685398e-001
    2.9600098072267778e+000 1.0534202559241805e+002
    4.0658565217654960e+001 5.3948996798174028e+002
    -1.4254717347281709e-002 6.2218785474922145e-001
    2.9101276946614263e+000 1.3054587707913427e+002
    4.0354732721276299e+001 4.4319361391832723e+002
    3.8284245557001655e-003 -1.8247854448425702e-001
    3.0272726925797522e+000 1.0508602067484276e+002
    6.5237426452292056e+001 5.1411401562964920e+002
    7.8984822152729367e-002 -1.0279647660158919e-001
    3.0257754101450236e+000 2.3802043674998949e+001
    3.2147083983608887e+001 4.8741743038817651e+002
    -7.4915223088549876e-001 -1.2272015028241720e-002
    2.9133135089545963e+000 8.8312439080275624e+001
    3.8263691498631381e+001 5.3624855822466429e+002
    -4.9493786526449174e-002 -1.1928667729097861e-002
    3.0336303587370650e+000 1.2737767324319418e+002
    5.8075092363002057e+001 3.6444229783033217e+002</data></extrinsic_parameters>
</opencv_storage>
